x
52830.00
116880.00
210480.00
141760.00
30460.00
108370.00
123320.00
113250.00
84000.00
88160.00
117240.00
116240.00
104220.00
97220.00
89100.00
91390.00
111730.00
102150.00
105340.00
51850.00
116270.00
100520.00
75310.00
122410.00
53550.00
55420.00
108510.00
143560.00
72830.00
58970.00
61600.00
65550.00
108260.00
79530.00
106670.00
84500.00
92790.00
65830.00
67400.00
65380.00
74160.00
70310.00
68340.00
74190.00
90580.00
53110.00
66740.00
70150.00
69510.00
74850.00
72590.00
65070.00
77210.00
101940.00
106170.00
132890.00
83530.00
91300.00
57650.00
73140.00
75800.00
40330.00
71930.00
81680.00
99240.00
87830.00
80000.00
92230.00
97470.00
81480.00
81700.00
62570.00
76370.00
80630.00
101930.00
79850.00
90280.00
76300.00
91970.00
69930.00
53610.00
67030.00
86090.00
82290.00
89000.00
81990.00
87910.00
84120.00
84960.00
91340.00
84950.00
80010.00
87830.00
88960.00
80020.00
109510.00
81610.00
55360.00
65210.00
55490.00
48790.00
50970.00
67410.00
59880.00
47870.00
49930.00
58770.00
54790.00
64970.00
48720.00
76510.00
77950.00
92210.00
69490.00
87250.00
81140.00
69850.00
61170.00
77860.00
112580.00
99980.00
61180.00
77580.00
88630.00
73310.00
70640.00
71190.00
120540.00
92540.00
55310.00
79520.00
89890.00
74990.00
81000.00
51100.00
45120.00
64670.00
46540.00
50840.00
67900.00
66150.00
54320.00
49880.00
44290.00
56770.00
52260.00
41960.00
39520.00
34070.00
62200.00
60440.00
52940.00
53820.00
58260.00
73180.00
38530.00
44100.00
52760.00
51860.00
58420.00
109790.00
145960.00
71370.00
97520.00
82370.00
161100.00
52570.00
58340.00
55190.00
64380.00
57330.00
128570.00
80190.00
74730.00
90680.00
82040.00
72640.00
70380.00
73890.00
75610.00
73040.00
92090.00
77290.00
72740.00
70140.00
75830.00
67800.00
76110.00
81590.00
69910.00
73080.00
70490.00
76400.00
75190.00
64470.00
44880.00
57020.00
30770.00
63830.00
66920.00
68740.00
69130.00
66870.00
72430.00
71900.00
68050.00
71270.00
57280.00
50350.00
39390.00
50350.00
64250.00
48250.00
66410.00
38180.00
51890.00
73310.00
29420.00
60220.00
54380.00
84390.00
35440.00
58170.00
67580.00
67980.00
30080.00
54530.00
67390.00
30050.00
59710.00
61100.00
*
89240.00
39110.00
37750.00
*
*
42850.00
56640.00
*
*
41780.00
40770.00
60850.00
59350.00
71670.00
63800.00
52380.00
40160.00
45420.00
41240.00
47510.00
59470.00
43620.00
63620.00
79890.00
90360.00
166200.00
197230.00
173910.00
61520.00
148310.00
115710.00
#
161330.00
169530.00
229110.00
164760.00
186930.00
249760.00
198180.00
100470.00
132030.00
75850.00
79970.00
80490.00
77280.00
50420.00
66000.00
79020.00
56580.00
125810.00
71580.00
138270.00
65320.00
46840.00
85700.00
63870.00
79060.00
81600.00
63970.00
39530.00
28130.00
32830.00
46360.00
61200.00
48660.00
36640.00
53010.00
40790.00
45680.00
48390.00
69000.00
52140.00
55950.00
62690.00
32450.00
28500.00
31010.00
30600.00
54610.00
45090.00
57260.00
26810.00
37010.00
40380.00
33750.00
35890.00
38200.00
24610.00
29310.00
33720.00
47390.00
73880.00
82860.00
73030.00
56100.00
55740.00
48330.00
51870.00
78640.00
39800.00
62340.00
37740.00
41710.00
46080.00
30010.00
27240.00
22890.00
39030.00
41140.00
24150.00
51160.00
36320.00
23360.00
34020.00
27130.00
25800.00
28790.00
24410.00
20480.00
20810.00
20060.00
22410.00
26170.00
20880.00
21300.00
21180.00
30190.00
44870.00
55560.00
29110.00
24050.00
32150.00
34560.00
30870.00
38020.00
40410.00
35400.00
28220.00
50520.00
45150.00
34830.00
26230.00
26330.00
24030.00
23600.00
21770.00
25610.00
60360.00
32060.00
77350.00
27130.00
29120.00
20100.00
22150.00
26940.00
21670.00
28140.00
22930.00
23060.00
23770.00
41120.00
30070.00
31090.00
21040.00
45970.00
44790.00
86090.00
21760.00
24910.00
29030.00
40630.00
26820.00
78860.00
64040.00
159950.00
32970.00
73450.00
89750.00
76780.00
36410.00
71650.00
59070.00
89020.00
34920.00
26560.00
44800.00
39660.00
57510.00
31060.00
30590.00
40950.00
40060.00
41380.00
43760.00
41960.00
28900.00
60990.00
40780.00
47760.00
42470.00
38670.00
53070.00
29490.00
23190.00
37690.00
28510.00
42360.00
39200.00
36690.00
45360.00
32090.00
34850.00
43460.00
55170.00
30630.00
43900.00
44250.00
49020.00
53030.00
52770.00
51490.00
50070.00
33810.00
26300.00
32540.00
55460.00
44260.00
37590.00
39540.00
45840.00
34720.00
39010.00
50980.00
39130.00
28150.00
32800.00
32970.00
30270.00
52220.00
28880.00
32240.00
48160.00
66520.00
19870.00
27080.00
52330.00
71390.00
52130.00
61900.00
40010.00
51720.00
42260.00
34990.00
37250.00
43910.00
46210.00
44360.00
48610.00
54670.00
45460.00
53060.00
56200.00
42550.00
39890.00
42840.00
38590.00
55720.00
57200.00
63750.00
73110.00
48890.00
50540.00
54330.00
40830.00
31560.00
32610.00
32140.00
28700.00
27070.00
38970.00
62190.00
85570.00
47160.00
40060.00
48780.00
48900.00
50920.00
49710.00
54080.00
49460.00
68830.00
47350.00
46650.00
52660.00
65100.00
53840.00
47160.00
51830.00
74670.00
33340.00
36060.00
44540.00
63420.00
43120.00
32770.00
42620.00
47140.00
32270.00
55520.00
47610.00
36010.00
37710.00
23800.00
34310.00
24330.00
46420.00
61210.00
55310.00
40330.00
51750.00
44030.00
49580.00
72600.00
53830.00
53330.00
35600.00
47290.00
64410.00
43810.00
34910.00
51490.00
45630.00
44860.00
32750.00
39760.00
39490.00
66080.00
54660.00
34410.00
29390.00
34780.00
32420.00
37130.00
33460.00
31640.00
29630.00
28720.00
41680.00
29220.00
23810.00
26920.00
38380.00
39760.00
54440.00
36830.00
34160.00
42450.00
33330.00
40610.00
37900.00
44160.00
51320.00
42560.00
38300.00
40480.00
60650.00
41410.00
32800.00
37900.00
52960.00
41150.00
38520.00
37400.00
39750.00
34640.00
46910.00
38730.00
42810.00
37960.00
33460.00
26240.00
22360.00
29230.00
25650.00
32440.00
29640.00
29670.00
31180.00
29620.00
37050.00
29480.00
39430.00
33840.00
27660.00
31150.00
37970.00
76050.00
66730.00
57960.00
54150.00
50740.00
59570.00
56500.00
52450.00
36920.00
33920.00
35350.00
36180.00
23540.00
33800.00
35420.00
38210.00
44200.00
55240.00
43290.00
39910.00
37030.00
30130.00
36310.00
51990.00
30600.00
27660.00
29280.00
30950.00
33240.00
29870.00
36000.00
25970.00
31990.00
33460.00
52880.00
51320.00
61280.00
82700.00
112990.00
93560.00
34910.00
26380.00
33820.00
29670.00
30450.00
41930.00
34310.00
29210.00
26090.00
33930.00
68700.00
73760.00
22740.00
22480.00
55630.00
71840.00
22950.00
37990.00
37840.00
60820.00
43370.00
35530.00
34230.00
25460.00
28680.00
26660.00
24750.00
33430.00
32820.00
